/Users/mubashirulislam/PycharmProjects/pythonProject1/.venv/bin/python /Users/mubashirulislam/PycharmProjects/pythonProject1/Assignment6.py
The Convex Hull for the points [(1, 1), (-3, 4), (-2, 2), (-5, 3), (-6, 3), (-7, -10), (0, -9), (5, -7), (9, -10), (7, -6)] is [[1.0, 1.0], [-3.0, 4.0], [-6.0, 3.0], [-7.0, -10.0], [9.0, -10.0], [7.0, -6.0]]

 ot_rec_main 119.8585
[[-1, -1, 1, 2, 3, 4], [-1, -1, -1, 2, 3, 3], [-1, -1, -1, -1, 3, 3], [-1, -1, -1, -1, -1, 4], [-1, -1, -1, -1, -1, -1], [-1, -1, -1, -1, -1, -1]]

 ot_dp_main 119.8585
[[-1, -1, -1, -1, -1, -1], [-1, -1, -1, -1, -1, -1], [-1, -1, -1, -1, -1, -1], [-1, -1, -1, -1, -1, -1], [-1, -1, -1, -1, -1, -1], [-1, -1, -1, -1, -1, -1]]

 ot_mem_main 119.8585
[[-1, -1, 1, 2, 3, 4], [-1, -1, -1, 2, 3, 3], [-1, -1, -1, -1, 3, 3], [-1, -1, -1, -1, -1, 4], [-1, -1, -1, -1, -1, -1], [-1, -1, -1, -1, -1, -1]]
The Convex Hull for the points [(4, 1), (3, 2), (8, 7), (4, 7), (3, 7), (-9, 10), (-4, 4), (-8, 7), (-6, 5), (-6, 4), (-7, 4), (-6, 3), (-10, 1), (1, -5), (1, -1), (1, -1), (8, -8), (8, -7), (3, -2), (3, -2)] is [[8.0, 7.0], [-10.0, 1.0]]
The Convex Hull for the points [(5, 0), (10, 0), (7, 1), (2, 2), (10, 10), (9, 10), (4, 8), (1, 9), (1, 10), (-3, 6), (-4, 6), (-9, 10), (-5, 3), (-4, -3), (-5, -5), (-10, -10), (-2, -4), (-1, -3), (-3, -10), (-1, -6), (-1, -10), (0, -10), (1, -9), (5, -7), (3, -4), (3, -3), (7, -4), (9, -4), (5, -2), (6, -1)] is [[10.0, 0.0], [-9.0, 10.0], [-10.0, -10.0]]
The Convex Hull for the points [(8, 1), (4, 1), (10, 8), (7, 7), (9, 9), (8, 9), (7, 8), (4, 5), (3, 6), (2, 6), (1, 5), (-1, 9), (-2, 10), (-2, 9), (-2, 7), (-3, 6), (-9, 9), (-10, 10), (-8, 7), (-9, 6), (-7, 4), (-3, 1), (-5, 0), (-9, -1), (-5, -1), (-10, -6), (-9, -7), (-3, -4), (-6, -9), (-4, -9), (-2, -6), (-3, -9), (0, -3), (1, -5), (4, -10), (3, -7), (4, -4), (9, -6), (7, -1), (9, -1)] is [[10.0, 8.0], [-10.0, 10.0], [-10.0, -6.0]]
The Convex Hull for the points [(8, 0), (8, 1), (4, 2), (8, 4), (9, 6), (10, 8), (7, 6), (1, 1), (6, 6), (1, 7), (0, 3), (-2, 8), (-2, 6), (-4, 9), (-1, 2), (-10, 8), (-6, 4), (-6, 4), (-8, 5), (-8, 3), (-7, 0), (-10, 0), (-7, -2), (-10, -3), (-2, -1), (-2, -1), (-4, -3), (-6, -5), (-5, -5), (-6, -6), (-3, -4), (-4, -7), (-1, -2), (-5, -10), (-2, -8), (0, -1), (0, -2), (1, -8), (2, -7), (3, -10), (3, -10), (2, -5), (4, -8), (4, -6), (3, -4), (2, -2), (6, -4), (9, -6), (9, -2), (8, -1)] is [[10.0, 8.0], [-6.0, -5.0]]
                   10        20        30        40        50
ot_rec_main  0.054121  0.005245  0.010014  0.005245  0.002146
ot_dp_main   0.048876  0.002146  0.007153  0.005007  0.000954
ot_mem_main  0.164270  0.003099  0.008106  0.007153  0.001907

Process finished with exit code 0
