/Users/mubashirulislam/PycharmProjects/pythonProject1/.venv/bin/python /Users/mubashirulislam/PycharmProjects/pythonProject1/Assignment8.py

Matrix
[[9999   77 9999 9999   14    5 9999 9999   71 9999]
 [  30 9999 9999 9999   59   94   19 9999    7   16]
 [9999 9999 9999   16 9999   19   33 9999    1 9999]
 [9999 9999 9999 9999 9999 9999    3   91 9999 9999]
 [9999 9999 9999 9999 9999 9999   96   37   18   81]
 [  18   70   75 9999 9999 9999   15   30 9999    6]
 [9999   21   64   46 9999 9999 9999 9999   91 9999]
 [9999 9999 9999 9999 9999 9999 9999 9999 9999 9999]
 [9999   39 9999 9999   28 9999 9999 9999 9999 9999]
 [9999   75 9999 9999 9999 9999 9999 9999 9999 9999]]


 djiktra_apsp
Dist
[[   0   41   80   66   14    5   20   35   32   11]
 [  30    0   83   65   35   35   19   65    7   16]
 [  37   40    0   16   29   19   19   49    1   25]
 [  54   24   67    0   59   59    3   89   31   40]
 [  87   57  140  122    0   92   76   37   18   73]
 [  18   36   75   61   32    0   15   30   43    6]
 [  51   21   64   46   56   56    0   86   28   37]
 [9999 9999 9999 9999 9999 9999 9999    0 9999 9999]
 [  69   39  122  104   28   74   58   65    0   55]
 [ 105   75  158  140  110  110   94  140   82    0]]

Pred
[[-1  6  5  6  0  0  5  5  4  5]
 [ 1 -1  6  6  8  0  1  5  1  1]
 [ 5  8 -1  2  8  2  3  5  2  5]
 [ 1  6  6 -1  8  0  3  5  1  1]
 [ 1  8  6  6 -1  0  1  4  4  1]
 [ 5  6  5  6  0 -1  5  5  1  5]
 [ 1  6  6  6  8  0 -1  5  1  1]
 [-1 -1 -1 -1 -1 -1 -1 -1 -1 -1]
 [ 1  8  6  6  8  0  1  4 -1  1]
 [ 1  9  6  6  8  0  1  5  1 -1]]


 bellman_ford_apsp
Dist
[[   0   41   80   66   14    5   20   35   32   11]
 [  30    0   83   65   35   35   19   65    7   16]
 [  37   40    0   16   29   19   19   49    1   25]
 [  54   24   67    0   59   59    3   89   31   40]
 [  87   57  140  122    0   92   76   37   18   73]
 [  18   36   75   61   32    0   15   30   43    6]
 [  51   21   64   46   56   56    0   86   28   37]
 [9999 9999 9999 9999 9999 9999 9999    0 9999 9999]
 [  69   39  122  104   28   74   58   65    0   55]
 [ 105   75  158  140  110  110   94  140   82    0]]

Pred
[[-1  6  5  6  0  0  5  5  4  5]
 [ 1 -1  6  6  8  0  1  5  1  1]
 [ 5  6 -1  2  8  2  3  5  2  5]
 [ 1  6  6 -1  8  0  3  5  1  1]
 [ 1  8  6  6 -1  0  1  4  4  1]
 [ 5  6  5  6  0 -1  5  5  1  5]
 [ 1  6  6  6  8  0 -1  5  1  1]
 [-1 -1 -1 -1 -1 -1 -1 -1 -1 -1]
 [ 1  8  6  6  8  0  1  4 -1  1]
 [ 1  9  6  6  8  0  1  5  1 -1]]


 floyd_apsp
Dist
[[   0   41   80   66   14    5   20   35   32   11]
 [  30    0   83   65   35   35   19   65    7   16]
 [  37   40    0   16   29   19   19   49    1   25]
 [  54   24   67    0   59   59    3   89   31   40]
 [  87   57  140  122    0   92   76   37   18   73]
 [  18   36   75   61   32    0   15   30   43    6]
 [  51   21   64   46   56   56    0   86   28   37]
 [9999 9999 9999 9999 9999 9999 9999    0 9999 9999]
 [  69   39  122  104   28   74   58   65    0   55]
 [ 105   75  158  140  110  110   94  140   82    0]]

Pred
[[-1  6  5  6  0  0  5  5  4  5]
 [ 1 -1  6  6  8  0  1  5  1  1]
 [ 5  6 -1  2  8  2  3  5  2  5]
 [ 1  6  6 -1  8  0  3  5  1  1]
 [ 1  8  6  6 -1  0  1  4  4  1]
 [ 5  6  5  6  0 -1  5  5  1  5]
 [ 1  6  6  6  8  0 -1  5  1  1]
 [-1 -1 -1 -1 -1 -1 -1 -1 -1 -1]
 [ 1  8  6  6  8  0  1  4 -1  1]
 [ 1  9  6  6  8  0  1  5  1 -1]]

                        10        20         30          40          50          60           70           80           90           100
djiktra_apsp       0.216007  1.743078   7.221222   20.853043   49.063206  101.090193   175.616026   278.102875   434.276819   658.019066
bellman_ford_apsp  0.661850  8.558035  42.695999  135.599852  339.337826  674.234152  1241.478920  2107.594728  3429.352045  5080.728054
floyd_apsp         0.147820  0.751019   2.264023    5.063772   10.668993   15.928030    23.525238    35.751820    49.881697    66.814899

Process finished with exit code 0
