/Users/mubashirulislam/PycharmProjects/pythonProject1/.venv/bin/python /Users/mubashirulislam/PycharmProjects/pythonProject1/Assignment10.py
                          2         3         4         5         6         7         8         9         10
native_search       0.002861  0.002861  0.001907  0.001907  0.001669  0.001907  0.000954  0.001907  0.001907
brute_force         0.067949  0.093937  0.032902  0.036240  0.039339  0.159979  0.102997  0.094175  0.122070
rabin_karp          0.225782  0.226021  0.119925  0.133753  0.091791  0.403881  0.325918  0.320911  0.333786
kruth_morris_pratt  0.136852  0.153065  0.071764  0.085115  0.075102  0.275850  0.200987  0.173092  0.222921
boyer_moore         0.132084  0.102758  0.048161  0.032902  0.034094  0.092983  0.080109  0.048876  0.055075
+------------+--------+---------------+-------------+------------+--------------------+-------------+
|  Pattern   | length | native_search | brute_force | rabin_karp | kruth_morris_pratt | boyer_moore |
+============+========+===============+=============+============+====================+=============+
| BL         |      2 |           630 |         630 |        630 |                630 |         630 |
+------------+--------+---------------+-------------+------------+--------------------+-------------+
| TIS        |      3 |           771 |         771 |        771 |                771 |         771 |
+------------+--------+---------------+-------------+------------+--------------------+-------------+
| FREE       |      4 |           415 |         415 |        415 |                415 |         415 |
+------------+--------+---------------+-------------+------------+--------------------+-------------+
| BRAVE      |      5 |           440 |         440 |        440 |                440 |         440 |
+------------+--------+---------------+-------------+------------+--------------------+-------------+
| BANNER     |      6 |           378 |         378 |        378 |                378 |         378 |
+------------+--------+---------------+-------------+------------+--------------------+-------------+
| RESCUED    |      7 |          1420 |        1420 |       1420 |               1420 |        1420 |
+------------+--------+---------------+-------------+------------+--------------------+-------------+
| FOOTSTEP   |      8 |          1053 |        1053 |       1053 |               1053 |        1053 |
+------------+--------+---------------+-------------+------------+--------------------+-------------+
| POLLUTION  |      9 |          1064 |        1064 |       1064 |               1064 |        1064 |
+------------+--------+---------------+-------------+------------+--------------------+-------------+
| DESOLATION |     10 |          1363 |        1363 |       1363 |               1363 |        1363 |
+------------+--------+---------------+-------------+------------+--------------------+-------------+


Process finished with exit code 0
